-- [LuaShield v3.0.0] seed=363847 layers=7 mode=normal ts=1779819921
-- ShieldVM Runtime v2.0
local _lOOl0O1O0O0I = 4770
local _oOo0IoI1IOO01 = bit32.bxor(68, 73)
local _olllOolOOOl = {
  202, 218, 227, 238, 246, 201, 171, 242, 254, 148, 103, 120, 77, 88, 45, 7, 63, 116, 112, 98,
  138, 194, 142, 179, 190, 150, 202, 246, 254, 1, 30, 8, 62, 57, 64, 93, 73, 123, 120, 131,
  156, 137, 190, 187, 194, 195, 204, 250, 250, 5, 1, 11, 51, 53, 68, 66, 75, 127, 116, 135,
  131, 185, 188, 183, 198, 196, 245, 247, 246, 9, 5, 51, 60, 49, 72, 64, 123, 125, 124, 154,
  135, 189, 188, 191, 219, 201, 252, 255, 254, 24, 10, 43, 50, 83, 88, 72, 106, 117, 145, 152,
  143, 165, 180, 209, 223, 202, 228, 247, 22, 8, 16, 43, 32, 73, 80, 72, 123, 36, 136, 185,
  158, 173, 227, 213, 193, 249, 224, 251, 20, 5, 54, 35, 58, 91, 69, 118, 98, 125, 153, 134,
  174, 177, 174, 221, 218, 229, 225, 232, 27, 21, 36, 33, 45, 92, 84, 103, 100, 145, 128, 155,
  191, 162, 204, 207, 203, 254, 231, 15, 14, 15, 61, 36, 78, 81, 79, 126, 122, 133, 129, 143,
  191, 181, 196, 194, 202, 252, 244, 7, 0, 49, 63, 55, 70, 64, 108, 111, 107, 145, 132, 175,
  174, 175, 218, 206, 238, 241, 237, 26, 26, 37, 41, 46, 23, 85, 78, 115, 126, 214, 138, 181,
  165, 205, 204, 201, 241, 249, 0, 30, 13, 48, 56, 67, 92, 73, 123, 123, 130, 131, 133, 167,
  182, 212, 199, 205, 230, 249, 22, 3, 15, 33, 56, 95, 70, 109, 108, 105, 148, 140, 172, 175,
  171, 222, 216, 227, 255, 235, 17, 27, 34, 36, 44, 71, 86, 115, 104, 115, 138, 139, 180, 162,
  178, 205, 201, 246, 235, 13, 12, 9, 51, 37, 76, 79, 75, 120, 108, 143, 142, 140, 186, 174,
  206, 209, 207, 250, 250, 5, 1, 11, 57, 100, 72, 121, 94, 109, 35, 149, 138, 173, 172, 170,
  211, 195, 236, 239, 233, 24, 24, 35, 63, 40, 81, 91, 98, 99, 105, 135, 150, 183, 164, 175,
  198, 217, 245, 225, 239, 1, 24, 53, 32, 89, 64, 91, 113, 102, 140, 143, 136, 184, 167, 207,
  206, 204, 255, 224, 14, 17, 8, 63, 58, 69, 65, 74, 125, 117, 132, 130, 142, 184, 180, 199,
  192, 241, 244, 247, 6, 2, 51, 35, 58, 93, 77, 111, 110, 108, 157, 128, 174, 177, 173, 219,
  193, 233, 240, 235, 19, 68, 40, 25, 62, 77, 3, 118, 97, 146, 128, 155, 183, 164, 211, 195,
  218, 251, 228, 18, 2, 29, 57, 35, 90, 93, 92, 114, 111, 137, 144, 139, 187, 181, 196, 194,
  203, 252, 244, 7, 11, 49, 32, 59, 87, 77, 108, 111, 104, 154, 134, 175, 174, 172, 209, 198,
  238, 241, 237, 26, 7, 41, 48, 41, 89, 85, 100, 97, 106, 148, 148, 167, 163, 217, 223, 215,
  230, 228, 18, 24, 22, 41, 33, 84, 66, 93, 122, 102, 147, 157, 156, 186, 163, 208, 220, 223,
  253, 233, 89, 31, 52, 45, 56, 28, 67, 113, 121, 119, 134, 128, 179, 163, 186, 219, 196, 250,
  226, 253, 25, 4, 59, 61, 60, 90, 78, 124, 124, 127, 157, 138, 168, 179, 175, 220, 207, 235,
  242, 20, 29, 23, 38, 39, 82, 94, 86, 105, 102, 145, 151, 145, 168, 166, 214, 194, 208, 235,
  231, 17, 3, 19, 42, 40, 82, 74, 82, 109, 110, 147, 158, 161, 181, 162, 202, 213, 241, 254,
  239, 5, 20, 52, 60, 49, 72, 78, 110, 113, 110, 146, 154, 165, 164, 172, 151, 213, 206, 243,
  254, 86, 11, 52, 62, 65, 93, 72, 118, 121, 128, 158, 131, 189, 184, 195, 220, 204, 254, 251,
  2, 3, 13, 51, 58, 69, 65, 70, 121, 117, 132, 129, 142, 186, 180, 199, 195, 248, 248, 247,
  6, 7, 49, 61, 54, 73, 65, 113, 98, 125, 155, 142, 174, 177, 169, 222, 218, 229, 226, 239,
  6, 25, 48, 63, 62, 92, 73, 114, 126, 129, 157, 138, 191, 185, 192, 215, 203, 229, 244, 18,
  22, 5, 36, 55, 83, 69, 75, 103, 118, 148, 132, 136, 247, 181, 238, 211, 222, 182, 234, 18,
  1, 45, 44, 41, 86, 66, 108, 111, 110, 157, 152, 163, 191, 172, 221, 219, 226, 231, 229, 7,
  22, 52, 39, 40, 70, 89, 117, 96, 105, 129, 152, 181, 163, 213, 192, 219, 245, 227, 12, 15,
  11, 57, 33, 79, 78, 69, 127, 123, 130, 128, 137, 184, 186, 197, 194, 207, 242, 245, 4, 7,
  8, 33, 56, 86, 64, 118, 96, 123, 151, 130, 181, 163, 186, 219, 193, 241, 226, 253, 30, 6,
  46, 49, 45, 89, 71, 105, 112, 110, 147, 136, 249, 191, 148, 205, 216, 188, 224, 21, 21, 23,
  38, 36, 89, 67, 90, 113, 103, 143, 142, 140, 189, 162, 206, 209, 207, 252, 250, 5, 1, 15,
  58, 53, 68, 66, 74, 117, 116, 135, 128, 177, 191, 183, 198, 196, 242, 250, 246, 9, 5, 48,
  57, 49, 72, 66, 114, 125, 124, 154, 134, 182, 188, 191, 219, 202, 253, 255, 254, 25, 1, 43,
  50, 88, 89, 87, 102, 103, 145, 151, 150, 169, 165, 211, 223, 209, 232, 230, 22, 4, 16, 43,
  34, 82, 92, 95, 123, 96, 149, 206, 146, 135, 184, 199, 137, 243, 253, 236, 10, 21, 55, 54,
  54, 73, 70, 113, 119, 113, 136, 134, 176, 161, 176, 203, 196, 241, 224, 243, 10, 11, 53, 63,
  62, 92, 76, 112, 126, 129, 158, 140, 170, 181, 209, 218, 201, 229, 244, 18, 2, 29, 57, 35,
  81, 93, 92, 121, 122, 133, 129, 140, 179, 181, 196, 194, 207, 251, 244, 7, 0, 50, 61, 55,
  70, 68, 113, 118, 118, 137, 134, 178, 187, 177, 200, 193, 251, 253, 252, 30, 6, 41, 48, 46,
  82, 74, 57, 127, 84, 141, 152, 252, 163, 214, 192, 219, 244, 225, 24, 3, 26, 49, 34, 79,
  78, 79, 120, 100, 142, 145, 141, 188, 161, 201, 208, 205, 243, 245, 4, 1, 13, 59, 52, 71,
  67, 118, 122, 119, 134, 128, 172, 175, 168, 221, 197, 239, 238, 234, 27, 27, 34, 35, 46, 71,
  86, 119, 98, 102, 134, 153, 182, 167, 166, 193, 216, 245, 229, 13, 12, 9, 52, 32, 76, 79,
  75, 123, 109, 143, 142, 140, 186, 166, 206, 209, 205, 251, 226, 9, 16, 13, 63, 45, 25, 95,
  116, 109, 120, 220, 131, 185, 185, 183, 198, 196, 242, 252, 246, 9, 7, 54, 34, 61, 90, 67,
  113, 125, 124, 154, 129, 176, 188, 191, 210, 193, 232, 243, 233, 1, 24, 53, 35, 84, 64, 91,
  116, 97, 148, 131, 154, 184, 163, 209, 194, 221, 240, 231, 14, 17, 14, 56, 58, 69, 68, 70,
  102, 121, 150, 130, 136, 161, 184, 213, 198, 242, 224, 251, 23, 3, 56, 35, 58, 81, 69, 111,
  110, 108, 154, 130, 174, 177, 173, 222, 218, 229, 225, 234, 87, 21, 14, 51, 62, 22, 76, 118,
  126, 129, 157, 130, 180, 185, 192, 221, 201, 254, 248, 3, 28, 9, 61, 59, 66, 64, 73, 120,
  122, 133, 129, 140, 185, 181, 196, 194, 200, 253, 244, 7, 3, 57, 56, 55, 70, 68, 119, 124,
  118, 137, 140, 186, 162, 189, 222, 193, 238, 241, 228, 18, 26, 37, 40, 43, 70, 89, 114, 102,
  114, 141, 143, 190, 190, 193, 218, 205, 234, 245, 23, 23, 22, 41, 37, 91, 93, 81, 104, 102,
  148, 134, 144, 171, 167, 221, 195, 130, 230, 211, 4, 19, 69, 60, 45, 87, 94, 97, 125, 104,
  149, 153, 160, 189, 169, 220, 216, 227, 252, 232, 25, 27, 34, 32, 37, 89, 90, 101, 102, 109,
  134, 153, 181, 165, 178, 205, 201, 254, 254, 1, 29, 9, 51, 57, 64, 88, 79, 101, 116, 146,
  153, 141, 164, 183, 208, 194, 197, 231, 246, 23, 0, 14, 38, 57, 87, 65, 82, 109, 105, 149,
  158, 161, 180, 173, 202, 213, 241, 247, 239, 5, 20, 49, 60, 36, 68, 87, 115, 104, 100, 135,
  150, 183, 167, 226, 198, 243, 228, 243, 165, 21, 9, 43, 50, 80, 84, 74, 106, 117, 146, 155,
  137, 165, 180, 214, 216, 209, 232, 230, 16, 2, 16, 43, 39, 83, 65, 83, 106, 107, 151, 138,
  146, 173, 171, 212, 222, 225, 253, 235, 30, 25, 33, 62, 46, 93, 88, 99, 127, 100, 145, 155,
  162, 163, 175, 199, 214, 244, 232, 239, 6, 25, 54, 33, 38, 65, 88, 118, 99, 141, 140, 130,
  183, 185, 192, 221, 200, 253, 248, 3, 29, 13, 36, 55, 83, 73, 77, 103, 118, 151, 132, 140,
  247, 181, 238, 211, 222, 182, 234, 30, 30, 33, 61, 45, 94, 89, 96, 126, 99, 144, 152, 163,
  185, 164, 196, 215, 240, 226, 239, 7, 22, 53, 60, 63, 91, 79, 119, 127, 126, 152, 141, 171,
  178, 217, 192, 219, 244, 229, 17, 3, 26, 48, 39, 79, 78, 79, 123, 98, 142, 145, 133, 188,
  186, 197, 193, 198, 254, 245, 4, 6, 18, 45, 41, 82, 68, 109, 108, 106, 138, 149, 177, 187,
  171, 197, 212, 241, 247, 241, 8, 6, 49, 36, 97, 71, 124, 101, 112, 36, 155, 137, 168, 179,
  172, 222, 207, 235, 242, 16, 28, 12, 42, 53, 82, 93, 76, 101, 116, 155, 154, 145, 168, 165,
  211, 198, 208, 235, 231, 19, 7, 19, 42, 45, 86, 95, 94, 124, 107, 147, 158, 161, 189, 169,
  213, 217, 224, 253, 234, 30, 24, 35, 55, 40, 68, 87, 118, 96, 112, 139, 135, 182, 162, 179,
  202, 200, 245, 230, 242, 13, 11, 50, 62, 65, 93, 78, 116, 121, 128, 150, 130, 165, 180, 209,
  222, 204, 228, 247, 19, 2, 5, 118, 58, 111, 80, 95, 49, 104, 149, 132, 146, 173, 172, 223,
  222, 225, 253, 238, 19, 25, 33, 56, 47, 69, 84, 114, 120, 113, 136, 133, 177, 166, 176, 203,
  199, 242, 225, 243, 10, 0, 61, 63, 62, 89, 77, 107, 114, 147, 153, 142, 170, 181, 209, 215,
  195, 229, 244, 18, 30, 10, 36, 55, 87, 66, 80, 107, 103, 156, 131, 147, 170, 168, 209, 199,
  210, 237, 239, 23, 30, 33, 61, 42, 82, 89, 96, 122, 109, 133, 148, 178, 183, 164, 196, 215,
  243, 226, 228, 86, 26, 15, 48, 63, 17, 72, 114, 102, 114, 141, 128, 191, 190, 193, 221, 202,
  247, 249, 0, 25, 9, 37, 52, 81, 94, 75, 100, 119, 144, 130, 139, 167, 182, 212, 196, 200,
  230, 249, 21, 0, 15, 33, 56, 86, 74, 117, 96, 123, 145, 134, 172, 175, 171, 217, 204, 239,
  238, 236, 24, 0, 46, 49, 46, 90, 90, 101, 98, 103, 134, 153, 183, 167, 178, 205, 203, 254,
  254, 1, 31, 8, 42, 53, 82, 95, 77, 101, 116, 146, 151, 132, 164, 183, 211, 200, 201, 182,
  250, 47, 16, 31, 113, 43, 84, 70, 82, 109, 106, 149, 129, 173, 172, 169, 212, 198, 236, 239,
  235, 16, 0, 47, 46, 47, 89, 68, 110, 113, 111, 152, 154, 165, 165, 167, 198, 217, 247, 235,
  242, 13, 9, 48, 62, 65, 94, 78, 106, 117, 145, 159, 137, 165, 180, 210, 222, 203, 228, 247,
  20, 8, 16, 43, 39, 93, 70, 83, 106, 104, 144, 128, 146, 173, 169, 210, 203, 237, 236, 233,
  21, 3, 45, 47, 43, 80, 67, 111, 110, 105, 159, 155, 162, 160, 173, 218, 139, 233, 218, 255,
  10, 66, 51, 32, 50, 77, 73, 113, 100, 141, 140, 138, 181, 172, 204, 207, 203, 252, 224, 15,
  14, 8, 63, 59, 66, 70, 69, 103, 118, 157, 135, 147, 170, 168, 215, 202, 210, 237, 233, 18,
  6, 45, 44, 47, 86, 89, 96, 118, 109, 133, 148, 178, 182, 174, 196, 215, 240, 227, 233, 7,
  22, 49, 37, 51, 74, 72, 117, 107, 114, 141, 137, 177, 164, 205, 204, 201, 242, 224, 12, 15,
  11, 37, 52, 91, 93, 81, 104, 102, 151, 132, 193, 167, 156, 197, 208, 132, 249, 238, 8, 19,
  15, 61, 40, 75, 82, 112, 121, 99, 138, 149, 177, 182, 174, 197, 212, 242, 252, 232, 4, 23,
  51, 34, 43, 71, 86, 112, 96, 115, 138, 136, 181, 163, 178, 205, 201, 243, 231, 13, 12, 13,
  55, 57, 64, 88, 75, 101, 116, 145, 159, 133, 164, 183, 211, 193, 205, 231, 246, 20, 4, 10,
  38, 57, 80, 65, 82, 109, 105, 158, 131, 173, 172, 170, 223, 194, 236, 239, 237, 26, 24, 35,
  60, 41, 95, 91, 98, 96, 110, 154, 203, 169, 154, 191, 202, 130, 246, 231, 234, 1, 24, 54,
  32, 77, 76, 74, 115, 108, 140, 143, 139, 188, 184, 195, 223, 200, 250, 251, 2, 3, 4, 39,
  54, 84, 67, 78, 102, 121, 149, 138, 146, 173, 169, 212, 203, 237, 236, 234, 23, 7, 45, 47,
  40, 92, 64, 111, 110, 108, 154, 132, 174, 177, 173, 210, 193, 233, 240, 233, 18, 21, 36, 38,
  46, 65, 88, 118, 101, 149, 128, 155, 180, 172, 204, 207, 200, 250, 231, 15, 14, 5, 58, 59,
  66, 64, 69, 115, 43, 137, 186, 159, 170, 226, 213, 196, 201, 225, 248, 21, 11, 45, 44, 41,
  85, 71, 108, 111, 107, 158, 141, 175, 174, 168, 196, 215, 240, 229, 237, 7, 22, 50, 36, 51,
  74, 72, 124, 127, 126, 159, 138, 177, 190, 193, 221, 205, 255, 249, 0, 29, 9, 37, 52, 81,
  95, 74, 100, 119, 147, 133, 136, 167, 182, 212, 192, 198, 230, 249, 18, 0, 18, 45, 42, 84,
  75, 109, 108, 106, 158, 141, 172, 175, 171, 219, 199, 239, 238, 238, 29, 27, 34, 35, 40, 88,
  11, 105, 90, 127, 138, 194, 181, 165, 175, 193, 216, 255, 227, 13, 12, 12, 42, 53, 82, 94,
  79, 101, 116, 145, 154, 137, 164, 183, 211, 199, 201, 231, 246, 29, 2, 19, 42, 43, 87, 95,
  94, 121, 97, 139, 146, 179, 189, 173, 202, 213, 242, 251, 238, 5, 20, 50, 56, 36, 68, 87,
  122, 96, 112, 139, 135, 183, 165, 179, 202, 200, 247, 255, 254, 31, 11, 43, 50, 84, 84, 87,
  102, 100, 148, 159, 150, 169, 166, 215, 217, 209, 232, 229, 18, 4, 65, 39, 28, 69, 80, 4,
  123, 109, 157, 159, 158, 188, 171, 212, 222, 225, 254, 232, 16, 25, 33, 62, 34, 95, 88, 99,
  127, 101, 152, 155, 162, 169, 169, 199, 214, 253, 227, 243, 10, 1, 51, 63, 62, 85, 65, 107,
  114, 151, 153, 151, 166, 162, 217, 195, 218, 254, 229, 15, 14, 10, 48, 59, 66, 64, 75, 120,
  122, 133, 129, 136, 187, 181, 196, 194, 200, 248, 244, 7, 3, 53, 53, 55, 70, 68, 115, 124,
  118, 137, 134, 176, 187, 177, 200, 197, 247, 224, 161, 7, 60, 37, 48, 100, 91, 64, 118, 127,
  126, 153, 129, 171, 178, 211, 218, 215, 230, 228, 25, 3, 26, 56, 38, 86, 66, 93, 127, 110,
  142, 145, 141, 188, 164, 201, 208, 205, 254, 238, 8, 19, 15, 52, 47, 75, 82, 117, 117, 119,
  134, 132, 178, 163, 186, 222, 193, 239, 238, 236, 16, 6, 46, 49, 46, 95, 64, 105, 112, 110,
  147, 143, 168, 179, 169, 193, 216, 241, 231, 13, 12, 10, 49, 38, 76, 79, 72, 123, 98, 143,
  142, 142, 189, 234, 206, 251, 220, 235, 173, 20, 0, 6, 38, 57, 85, 75, 70, 97, 120, 149,
  135, 181, 160, 187, 213, 194, 236, 239, 235, 24, 3, 47, 46, 44, 90, 78, 110, 113, 110, 154,
  142, 169, 176, 172, 198, 217, 245, 235, 238, 1, 24, 53, 38, 88, 64, 91, 113, 121, 128, 152,
  142, 165, 180, 209, 221, 204, 228, 247, 16, 4, 16, 43, 39, 82, 69, 83, 106, 107, 145, 134,
  146, 173, 169, 213, 222, 225, 253, 237, 18, 25, 33, 61, 42, 91, 88, 99, 121, 100, 213, 155,
  136, 177, 188, 144, 196, 246, 227, 243, 10, 10, 40, 51, 47, 90, 77, 107, 114, 148, 159, 151,
  166, 173, 217, 195, 218, 248, 237, 20, 2, 29, 57, 39, 80, 93, 92, 121, 99, 150, 156, 159,
  187, 168, 214, 223, 222, 252, 236, 30, 30, 33, 61, 34, 74, 85, 113, 122, 108, 133, 148, 178,
  162, 189, 217, 195, 243, 253, 252, 25, 0, 41, 48, 46, 88, 64, 104, 115, 108, 156, 148, 167,
  160, 211, 217, 215, 230, 228, 18, 26, 22, 41, 38, 81, 86, 0, 100, 93, 130, 145, 199, 188,
  165, 201, 208, 205, 251, 234, 8, 19, 15, 53, 41, 75, 82, 114, 120, 119, 134, 132, 181, 184,
  182, 201, 197, 243, 251, 241, 8, 5, 51, 33, 48, 75, 65, 125, 124, 127, 158, 140, 168, 179,
  175, 212, 202, 235, 242, 16, 29, 14, 42, 53, 89, 67, 90, 120, 103, 148, 130, 157, 185, 166,
  209, 221, 220, 250, 228, 29, 28, 31, 59, 45, 80, 95, 94, 124, 104, 148, 158, 161, 184, 170,
  202, 213, 241, 250, 235, 5, 20, 58, 59, 96, 68, 125, 98, 113, 39, 153, 133, 169, 176, 173,
  222, 204, 232, 243, 239, 26, 1, 43, 50, 80, 93, 66, 106, 117, 149, 150, 150, 169, 166, 209,
  219, 209, 232, 230, 21, 4, 16, 43, 47, 83, 92, 95, 126, 111, 136, 147, 140, 189, 173, 203,
  210, 240, 255, 226, 10, 21, 54, 55, 54, 73, 69, 114, 119, 113, 136, 130, 181, 189, 188, 218,
  207, 252, 252, 255, 27, 13, 54, 63, 62, 92, 78, 119, 126, 129, 154, 130, 170, 181, 217, 214,
  214, 233, 224, 21, 83, 17, 2, 55, 66, 10, 78, 123, 98, 137, 144, 141, 185, 161, 200, 211,
  207, 249, 239, 11, 18, 48, 63, 42, 74, 85, 113, 119, 110, 133, 148, 181, 186, 177, 200, 206,
  251, 253, 252, 26, 6, 50, 60, 63, 88, 72, 104, 115, 108, 158, 148, 167, 161, 217, 192, 219,
  245, 236, 12, 15, 9, 58, 56, 67, 92, 77, 126, 123, 130, 131, 142, 184, 186, 197, 194, 207,
  253, 245, 4, 1, 12, 61, 52, 71, 64, 112, 116, 119, 134, 132, 185, 186, 182, 201, 198, 242,
  255, 160, 4, 61, 34, 49, 103, 90, 79, 118, 124, 127, 159, 138, 168, 179, 173, 212, 212, 231,
  231, 20, 0, 27, 55, 34, 76, 79, 74, 101, 116, 146, 158, 138, 164, 183, 211, 195, 207, 231,
  246, 19, 4, 19, 42, 40, 92, 68, 82, 109, 105, 147, 134, 173, 172, 170, 210, 194, 236, 239,
  232, 28, 7, 47, 46, 47, 88, 71, 110, 113, 104, 156, 154, 165, 161, 174, 219, 213, 228, 228,
  237, 1, 24, 54, 36, 82, 64, 91, 119, 102, 150, 131, 154, 187, 166, 208, 147, 209, 194, 247,
  2, 74, 9, 60, 58, 69, 65, 79, 123, 117, 132, 133, 135, 161, 184, 214, 199, 249, 224, 251,
  20, 5, 57, 35, 58, 92, 71, 111, 110, 108, 153, 130, 174, 177, 173, 210, 198, 233, 240, 237,
  30, 13, 40, 51, 43, 91, 84, 103, 107, 152, 128, 155, 183, 162, 217, 195, 218, 251, 231, 17,
  2, 29, 58, 36, 78, 81, 69, 127, 122, 133, 129, 138, 191, 181, 196, 192, 201, 225, 248, 22,
  2, 49, 32, 59, 87, 65, 116, 99, 122, 155, 132, 176, 243, 177, 226, 215, 226, 170, 232, 31,
  26, 37, 33, 44, 89, 85, 100, 106, 114, 141, 137, 181, 165, 205, 204, 202, 243, 226, 12, 15,
  11, 57, 38, 79, 78, 74, 112, 123, 130, 131, 141, 186, 186, 197, 193, 206, 249, 245, 4, 2,
  11, 58, 52, 71, 71, 120, 96, 123, 151, 141, 176, 163, 186, 219, 197, 244, 226, 253, 30, 14,
  46, 49, 46, 88, 70, 105, 112, 110, 152, 136, 168, 179, 172, 217, 201, 235, 242, 19, 29, 23,
  38, 36, 84, 88, 86, 105, 102, 144, 211, 145, 130, 183, 194, 138, 205, 254, 229, 9, 16, 14,
  38, 57, 85, 71, 77, 97, 120, 149, 158, 161, 189, 175, 212, 217, 224, 254, 235, 31, 24, 35,
  60, 46, 89, 91, 98, 96, 109, 146, 154, 165, 162, 174, 216, 213, 228, 228, 238, 1, 24, 50,
  33, 77, 76, 74, 126, 102, 140, 143, 139, 190, 184, 195, 220, 200, 249, 251, 2, 9, 15, 39,
  54, 84, 73, 70, 102, 121, 149, 132, 137, 161, 184, 213, 203, 237, 236, 233, 21, 6, 45, 47,
  43, 94, 77, 62, 98, 87, 136, 151, 249, 164, 176, 203, 196, 241, 225, 243, 10, 14, 48, 63,
  62, 92, 65, 107, 114, 147, 152, 130, 170, 181, 209, 217, 207, 229, 244, 19, 2, 29, 58, 37,
  80, 93, 92, 122, 98, 148, 156, 159, 187, 171, 213, 223, 222, 254, 235, 11, 18, 51, 57, 41,
  74, 85, 113, 118, 106, 133, 148, 186, 185, 177, 200, 195, 245, 253, 252, 25, 4, 51, 60, 63,
  91, 79, 117, 127, 126, 149, 140, 171, 178, 214, 192, 219, 244, 228, 21, 82, 22, 3, 52, 67,
  21, 79, 125, 101, 142, 145, 141, 188, 165, 201, 208, 200, 255, 245, 4, 1, 9, 33, 56, 83,
  67, 109, 108, 105, 151, 131, 172, 175, 168, 218, 205, 239, 238, 236, 17, 6, 46, 49, 43, 93,
  90, 101, 97, 111, 146, 149, 164, 162, 174, 193, 216, 246, 231, 13, 12, 15, 55, 57, 64, 94,
  67, 123, 120, 131, 156, 142, 177, 187, 194, 195, 201, 255, 250, 5, 1, 10, 57, 53, 68, 66,
  77, 126, 116, 135, 131, 183, 185, 183, 198, 196, 248, 249, 167, 5, 62, 35, 46, 102, 89, 64,
  116, 125, 124, 147, 131, 169, 176, 167, 217, 213, 228, 234, 234, 1, 24, 63, 38, 77, 76, 77,
  115, 121, 128, 152, 131, 165, 180, 212, 219, 209, 232, 224, 20, 29, 28, 58, 33, 86, 92, 95,
  123, 110, 149, 159, 158, 188, 174, 210, 222, 225, 253, 238, 22, 25, 33, 62, 41, 90, 88, 99,
  127, 101, 158, 155, 162, 163, 168, 220, 218, 229, 226, 234, 27, 21, 36, 39, 47, 65, 88, 116,
  126, 129, 154, 131, 251, 185, 234, 207, 218, 178, 229, 19, 22, 17, 40, 32, 81, 93, 92, 122,
  97, 148, 156, 159, 184, 170, 221, 223, 222, 255, 232, 22, 30, 33, 63, 44, 74, 85, 120, 99,
  122, 158, 129, 175, 174, 172, 208, 198, 238, 241, 238, 31, 1, 41, 48, 46, 83, 77, 104, 115,
  108, 153, 148, 167, 165, 214, 192, 219, 247, 237, 21, 3, 26, 59, 38, 85, 66, 93, 125, 97,
  142, 145, 141, 185, 164, 201, 208, 206, 252, 232, 8, 19, 12, 62, 33, 75, 82, 114, 120, 38,
  138, 191, 160, 175, 225, 216, 196, 246, 226, 253, 25, 3, 55, 61, 60, 90, 79, 124, 124, 127,
  152, 138, 168, 179, 175, 213, 203, 235, 242, 19, 30, 2, 42, 53, 81, 94, 86, 105, 109, 146,
  130, 157, 186, 165, 213, 221, 220, 249, 224, 9, 16, 14, 50, 41, 72, 83, 76, 121, 107, 139,
  146, 179, 181, 183, 198, 196, 247, 250, 246, 9, 5, 58, 55, 49, 72, 64, 123, 125, 124, 153,
  133, 182, 188, 191, 211, 213, 228, 226, 233, 31, 20, 39, 38, 82, 17, 87, 76, 117, 128, 212,
  130, 188, 184, 195, 220, 204, 253, 251, 2, 8, 4, 39, 54, 87, 69, 78, 102, 121, 149, 131,
  135, 161, 184, 214, 199, 242, 224, 251, 23, 25, 33, 62, 47, 93, 88, 99, 127, 113, 136, 134,
  182, 160, 176, 203, 197, 245, 252, 255, 27, 10, 61, 63, 62, 85, 84, 103, 96, 146, 155, 151,
  166, 164, 208, 216, 214, 233, 230, 17, 23, 17, 40, 47, 86, 93, 92, 122, 111, 151, 156, 159,
  187, 174, 213, 223, 222, 248, 225, 90, 30, 11, 44, 59, 29, 68, 115, 123, 118, 137, 133, 177,
  188, 177, 200, 197, 242, 230, 240, 11, 15, 48, 60, 63, 94, 77, 104, 115, 111, 153, 138, 171,
  178, 208, 220, 195, 234, 245, 20, 24, 22, 41, 37, 80, 89, 81, 104, 102, 146, 128, 144, 171,
  164, 213, 194, 211, 234, 232, 23, 10, 18, 45, 41, 86, 69, 109, 108, 110, 148, 153, 160, 190,
  169, 220, 216, 227, 249, 236, 4, 23, 51, 61, 60, 89, 69, 119, 124, 127, 155, 142, 181, 191,
  190, 220, 202, 247, 175, 13, 38, 27, 38, 110, 83, 92, 86, 105, 102, 144, 153, 145, 168, 166,
  218, 199, 208, 235, 239, 28, 28, 31, 63, 42, 72, 83, 79, 116, 107, 139, 146, 176, 185, 168,
  202, 213, 247, 254, 246, 9, 5, 50, 57, 49, 72, 70, 114, 101, 112, 139, 132, 181, 163, 179,
  202, 200, 243, 228, 242, 13, 9, 48, 37, 77, 76, 76, 117, 121, 128, 154, 140, 165, 180, 215,
  216, 209, 232, 229, 18, 5, 16, 43, 36, 86, 67, 83, 106, 104, 144, 132, 146, 173, 169, 212,
  195, 188, 224, 209, 6, 21, 122, 62, 34, 94, 88, 99, 120, 107, 132, 151, 179, 161, 164, 199,
  214, 244, 224, 232, 6, 25, 54, 34, 50, 77, 74, 116, 126, 129, 159, 140, 170, 181, 213, 215,
  214, 233, 224, 22, 2, 29, 58, 38, 85, 93, 92, 122, 111, 156, 156, 159, 184, 168, 211, 223,
  222, 252, 225, 20, 30, 33, 62, 43, 83, 89, 96, 125, 104, 155, 152, 163, 191, 164, 218, 219,
  226, 227, 236, 28, 26, 37, 36, 42, 70, 89, 112, 96, 114, 141, 139, 179, 239, 205, 230, 219,
  230, 174, 18, 31, 22, 41, 38, 86, 66, 93, 121, 103, 145, 157, 156, 186, 166, 211, 220, 223,
  253, 234, 8, 19, 15, 53, 44, 75, 82, 112, 120, 104, 138, 149, 177, 186, 163, 197, 212, 241,
  253, 239, 4, 23, 48, 33, 46, 71, 86, 112, 97, 115, 138, 128, 189, 191, 190, 213, 192, 235,
  242, 16, 26, 15, 42, 53, 81, 91, 75, 101, 116, 145, 158, 142, 164, 183, 215, 194, 208, 235,
  231, 20, 5, 19, 42, 46, 85, 95, 94, 124, 107, 146, 207, 173, 134, 187, 198, 142, 241, 246,
  233, 5, 20, 55, 61, 49, 72, 70, 114, 98, 112, 139, 135, 189, 166, 179, 202, 203, 246, 230,
  242, 13, 12, 50, 62, 65, 93, 73, 112, 121, 128, 158, 140, 186, 184, 195, 220, 206, 251, 251,
  2, 0, 15, 39, 54, 82, 69, 83, 106, 104, 151, 128, 146, 173, 173, 210, 222, 225, 245, 226,
  10, 21, 48, 60, 35, 69, 84, 113, 127, 100, 132, 151, 179, 161, 174, 199, 214, 244, 229, 237,
  6, 25, 48, 36, 50, 77, 73, 117, 101, 220, 128, 177, 166, 181, 155, 222, 206, 249, 248, 3,
  29, 11, 36, 55, 85, 66, 80, 107, 100, 149, 135, 147, 170, 168, 212, 198, 210, 237, 233, 20,
  6, 45, 44, 47, 82, 89, 96, 126, 109, 152, 152, 163, 188, 172, 219, 219, 226, 233, 236, 7,
  22, 55, 35, 39, 70, 89, 117, 99, 109, 129, 152, 181, 160, 212, 192, 219, 254, 249, 0, 30,
  9, 59, 56, 67, 92, 75, 100, 119, 147, 131, 133, 167, 182, 212, 195, 211, 234, 232, 17, 11,
  18, 45, 40, 26, 94, 75, 108, 123, 221, 132, 180, 182, 182, 201, 205, 244, 226, 253, 26, 2,
  50, 61, 60, 90, 71, 116, 124, 127, 152, 136, 182, 191, 190, 213, 212, 231, 230, 18, 0, 27,
  55, 33, 85, 67, 90, 120, 99, 143, 142, 143, 187, 164, 206, 209, 206, 255, 250, 5, 2, 15,
  59, 53, 68, 66, 73, 121, 116, 135, 131, 182, 160, 187, 212, 192, 245, 227, 250, 24, 3, 59,
  34, 61, 90, 65, 110, 113, 110, 152, 133, 169, 176, 167, 221, 213, 228, 228, 163, 1, 50, 39,
  50, 26, 94, 72, 119, 121, 128, 158, 130, 187, 184, 195, 216, 209, 232, 230, 27, 8, 16, 43,
  39, 87, 73, 83, 106, 104, 148, 138, 146, 173, 171, 209, 222, 225, 254, 233, 17, 25, 33, 62,
  45, 90, 88, 99, 127, 111, 159, 155, 162, 167, 173, 199, 214, 247, 226, 231, 6, 25, 53, 43,
  47, 65, 88, 113, 103, 141, 140, 137, 191, 185, 192, 222, 195, 251, 248, 3, 28, 14, 59, 59,
  66, 64, 68, 122, 122, 133, 136, 139, 166, 185, 213, 193, 131, 225, 210, 7, 18, 122, 58, 42,
  74, 85, 114, 127, 107, 133, 148, 177, 186, 175, 196, 215, 243, 230, 238, 7, 22, 50, 36, 51,
  74, 72, 117, 96, 114, 141, 139, 182, 190, 193, 221, 195, 234, 245, 22, 28, 22, 41, 38, 81,
  95, 81, 104, 101, 151, 128, 144, 171, 164, 209, 198, 211, 234, 232, 16, 3, 18, 45, 41, 83,
  75, 109, 108, 106, 158, 130, 172, 175, 171, 222, 197, 239, 238, 236, 31, 14, 46, 49, 43, 88,
  90, 101, 103, 111, 134, 153, 178, 164, 227, 193, 242, 231, 242, 90, 27, 12, 42, 53, 89, 91,
  86, 105, 109, 145, 130, 157, 177, 162, 206, 209, 196, 242, 250, 5, 1, 8, 51, 53, 68, 66,
  70, 122, 116, 135, 131, 183, 184, 183, 198, 196, 243, 248, 246, 9, 5, 55, 55, 49, 72, 69,
  118, 103, 112, 139, 132, 183, 166, 179, 202, 200, 253, 234, 242, 13, 11, 48, 62, 65, 95, 87,
  102, 100, 148, 131, 154, 184, 164, 218, 194, 221, 254, 238, 14, 17, 13, 60, 47, 73, 80, 77,
  120, 110, 217, 159, 180, 173, 184, 156, 192, 243, 253, 247, 6, 1, 49, 35, 58, 91, 71, 111,
  110, 106, 153, 155, 162, 160, 170, 220, 218, 229, 226, 235, 26, 21, 36, 34, 39, 84, 84, 103,
  101, 141, 140, 141, 179, 185, 192, 222, 204, 249, 248, 3, 28, 14, 56, 59, 66, 66, 73, 103,
  118, 148, 128, 134, 166, 185, 213, 203, 200, 225, 248, 21, 7, 51, 32, 59, 80, 70, 108, 111,
  107, 155, 133, 175, 174, 172, 220, 195, 238, 241, 238, 25, 4, 41, 48, 40, 23, 85, 78, 115,
  126, 214, 138, 179, 170, 205, 204, 201, 242, 236, 12, 15, 14, 60, 56, 67, 87, 76, 100, 119,
  144, 133, 141, 167, 182, 221, 194, 211, 234, 232, 19, 4, 18, 45, 42, 84, 74, 109, 108, 106,
  149, 153, 160, 190, 173, 222, 216, 227, 252, 239, 27, 27, 34, 41, 44, 71, 86, 119, 100, 103,
  134, 153, 182, 170, 178, 205, 201, 255, 229, 13, 12, 13, 53, 57, 64, 88, 76, 101, 116, 145,
  158, 140, 164, 183, 211, 192, 197, 231, 246, 23, 4, 6, 119, 53, 110, 83, 94, 54, 105, 150,
  129, 173, 172, 170, 212, 205, 236, 239, 233, 24, 24, 35, 63, 41, 91, 91, 98, 98, 109, 135,
  150, 180, 165, 166, 198, 217, 246, 228, 242, 13, 9, 50, 43, 77, 76, 73, 115, 121, 128, 157,
  142, 186, 184, 195, 223, 207, 248, 251, 2, 3, 14, 61, 58, 69, 71, 76, 102, 121, 150, 130,
  141, 161, 184, 214, 203, 241, 224, 251, 18, 1, 45, 47, 43, 92, 67, 111, 110, 108, 152, 130,
  174, 177, 174, 218, 207, 233, 240, 232, 31, 68, 40, 25, 62, 77, 3, 115, 107, 141, 140, 138,
  179, 162, 204, 207, 203, 248, 228, 15, 14, 9, 48, 59, 66, 64, 73, 125, 122, 133, 129, 141,
  191, 181, 196, 193, 207, 244, 244, 7, 3, 52, 60, 55, 70, 68, 112, 125, 118, 137, 130, 178,
  162, 189, 217, 194, 247, 253, 252, 28, 3, 41, 48, 46, 83, 85, 100, 97, 109, 152, 148, 167,
  163, 215, 218, 215, 230, 236, 25, 3, 26, 61, 33, 79, 78, 79, 124, 98, 142, 145, 141, 178,
  167, 201, 208, 206, 248, 238, 89, 31, 52, 45, 56, 28, 71, 118, 96, 123, 148, 132, 183, 163,
  186, 216, 192, 244, 226, 253, 17, 6, 46, 49, 45, 91, 71, 105, 112, 108, 159, 149, 164, 161,
  175, 220, 212, 231, 227, 20, 29, 23, 38, 36, 87, 88, 86, 105, 108, 155, 130, 157, 185, 165,
  208, 221, 220, 255, 227, 9, 16, 13, 58, 32, 72, 83, 76, 120, 107, 139, 146, 176, 184, 170,
  202, 213, 241, 251, 237, 5, 20, 50, 55, 45, 68, 87, 123, 98, 112, 139, 135, 183, 163, 179,
  202, 200, 245, 235, 163, 1, 50, 39, 50, 26, 90, 87, 102, 103, 144, 131, 154, 188, 173, 207,
  206, 201, 251, 251, 2, 5, 4, 39, 54, 87, 64, 72, 102, 121, 149, 138, 140, 161, 184, 214,
  203, 244, 224, 251, 20, 5, 52, 35, 58, 91, 69, 122, 98, 125, 154, 134, 182, 189, 188, 217,
  196, 246, 252, 255, 24, 8, 51, 63, 62, 89, 64, 107, 114, 148, 149, 151, 166, 166, 212, 195,
  218, 241, 236, 15, 14, 15, 61, 59, 66, 70, 75, 103, 118, 148, 130, 140, 247, 181, 238, 211,
  222, 182, 224, 22, 30, 33, 62, 47, 84, 89, 96, 126, 110, 159, 152, 163, 191, 169, 218, 219,
  226, 227, 239, 18, 26, 37, 34, 47, 83, 85, 100, 101, 109, 129, 152, 182, 163, 213, 192, 219,
  255, 228, 12, 15, 11, 63, 37, 79, 78, 76, 125, 102, 142, 145, 141, 178, 175, 201, 208, 204,
  252, 245, 4, 2, 15, 58, 52, 71, 69, 121, 96, 123, 151, 134, 181, 163, 186, 216, 205, 240,
  226, 253, 28, 7, 46, 49, 37, 92, 90, 101, 97, 103, 152, 196, 168, 153, 190, 205, 131, 245,
  224, 20, 0, 27, 50, 32, 76, 79, 75, 123, 98, 143, 142, 140, 191, 166, 206, 209, 206, 248,
  226, 9, 16, 14, 57, 53, 68, 68, 75, 97, 120, 150, 129, 181, 160, 187, 211, 193, 236, 239,
  235, 25, 7, 47, 46, 44, 91, 78, 110, 113, 110, 154, 143, 169, 176, 166, 211, 213, 228, 226,
  235, 31, 20, 39, 39, 80, 64, 91, 119, 100, 149, 131, 154, 184, 161, 212, 194, 221, 252, 227,
  14, 17, 11, 62, 58, 69, 66, 78, 126, 36, 136, 185, 158, 173, 227, 214, 194, 240, 224, 251,
  23, 1, 52, 35, 58, 93, 70, 111, 110, 108, 159, 143, 174, 177, 173, 210, 197, 233, 240, 232,
  25, 21, 36, 33, 42, 90, 84, 103, 99, 147, 158, 151, 166, 167, 212, 215, 214, 233, 236, 15,
  14, 12, 61, 46, 78, 81, 77, 126, 122, 133, 129, 138, 188, 181, 196, 193, 201, 225, 248, 22,
  7, 56, 32, 59, 85, 68, 108, 111, 107, 156, 135, 175, 174, 172, 217, 197, 238, 241, 238, 30,
  5, 41, 48, 46, 90, 73, 57, 127, 84, 141, 152, 252, 160, 209, 221, 215, 230, 237, 21, 3,
  26, 60, 32, 79, 78, 76, 127, 100, 142, 145, 137, 167, 182, 215, 194, 198, 230, 249, 18, 4,
  18, 45, 42, 87, 68, 109, 108, 106, 145, 132, 172, 175, 171, 220, 216, 227, 252, 233, 27, 27,
  34, 32, 42, 88, 90, 101, 98, 107, 134, 153, 182, 161, 166, 193, 216, 241, 228, 13, 12, 10,
  55, 57, 64, 93, 78, 124, 120, 131, 159, 133, 184, 187, 194, 192, 201, 231, 246, 23, 2, 13,
  119, 53, 110, 83, 94, 54, 105, 147, 131, 173, 172, 170, 212, 196, 236, 239, 233, 29, 24, 35,
  60, 41, 94, 91, 98, 96, 100, 147, 154, 165, 169, 168, 198, 217, 240, 228, 242, 13, 10, 53,
  36, 77, 76, 74, 112, 101, 140, 143, 130, 188, 184, 195, 217, 209, 232, 229, 19, 4, 16, 43,
  36, 81, 71, 83, 106, 104, 146, 132, 146, 173, 160, 209, 222, 225, 254, 232, 10, 21, 53, 54,
  54, 73, 70, 114, 119, 113, 136, 133, 182, 162, 176, 203, 199, 243, 233, 162, 6, 51, 36, 51,
  101, 93, 84, 103, 99, 144, 159, 151, 166, 160, 211, 195, 218, 250, 248, 3, 26, 12, 36, 55,
  83, 66, 68, 103, 118, 151, 131, 139, 166, 185, 214, 199, 206, 225, 248, 22, 0, 56, 32, 59,
  87, 70, 119, 99, 122, 152, 140, 176, 162, 189, 217, 207, 244, 253, 252, 26, 14, 55, 60, 63,
  92, 76, 104, 115, 103, 152, 148, 167, 165, 216, 192, 219, 255, 231, 12, 15, 3, 61, 56, 67,
  86, 75, 100, 119, 155, 132, 193, 167, 156, 197, 208, 132, 242, 224, 8, 19, 15, 58, 32, 75,
  82, 112, 116, 111, 138, 149, 177, 183, 173, 197, 212, 242, 253, 238, 4, 23, 51, 34, 44, 71,
  86, 119, 100, 106, 134, 153, 182, 167, 169, 193, 216, 245, 226, 24, 0, 27, 48, 38, 76, 79,
  72, 122, 120, 131, 159, 132, 164, 183, 211, 195, 201, 231, 246, 18, 8, 19, 42, 40, 82, 75,
  82, 109, 106, 148, 139, 173, 172, 169, 214, 196, 236, 239, 238, 25, 24, 35, 60, 46, 68, 87,
  117, 96, 33, 135, 188, 165, 176, 228, 219, 207, 243, 255, 254, 31, 12, 49, 62, 65, 94, 75,
  112, 121, 128, 152, 150, 169, 162, 214, 194, 221, 249, 224, 19, 29, 28, 57, 36, 81, 92, 95,
  127, 110, 136, 147, 135, 186, 180, 199, 195, 246, 255, 247, 6, 7, 52, 59, 54, 73, 71, 117,
  98, 125, 153, 135, 183, 189, 188, 218, 194, 244, 252, 255, 24, 9, 55, 63, 62, 88, 84, 103,
  99, 153, 157, 151, 166, 167, 210, 215, 214, 233, 229, 18, 2, 29, 49, 38, 31, 93, 118, 107,
  118, 222, 130, 141, 178, 181, 196, 193, 203, 225, 248, 22, 5, 52, 32, 59, 84, 64, 117, 99,
  122, 152, 134, 175, 174, 172, 223, 196, 238, 241, 238, 26, 7, 41, 48, 41, 93, 85, 100, 97,
  107, 152, 148, 167, 166, 205, 204, 202, 254, 230, 12, 15, 9, 48, 56, 67, 88, 69, 100, 119,
  144, 131, 141, 167, 182, 212, 192, 204, 230, 249, 22, 0, 15, 33, 56, 94, 69, 109, 108, 106,
  149, 131, 172, 175, 173, 197, 212, 242, 251, 229, 85, 27, 8, 49, 60, 16, 71, 105, 112, 110,
  158, 136, 168, 179, 172, 212, 212, 231, 227, 19, 21, 23, 38, 44, 76, 79, 72, 122, 99, 143,
  142, 140, 184, 160, 206, 209, 206, 249, 225, 9, 16, 7, 59, 53, 68, 65, 79, 122, 116, 135,
  131, 183, 187, 183, 198, 193, 242, 227, 250, 24, 6, 59, 34, 61, 89, 69, 112, 125, 124, 154,
  131, 189, 188, 191, 210, 202, 232, 243, 236, 30, 20, 39, 35, 84, 91, 87, 102, 100, 146, 152,
  150, 169, 165, 209, 222, 128, 228, 221, 2, 17, 71, 58, 35, 80, 92, 95, 123, 105, 149, 159,
  158, 191, 168, 215, 222, 225, 253, 232, 31, 25, 33, 62, 43, 94, 88, 99, 123, 104, 132, 151,
  179, 162, 168, 199, 214, 252, 228, 243, 10, 8, 55, 63, 62, 95, 76, 126, 126, 129, 157, 141,
  180, 185, 192, 222, 200, 251, 248, 3, 27, 4, 36, 55, 80, 67, 73, 103, 118, 148, 135, 138,
  166, 185, 213, 195, 200, 225, 248, 19, 2, 45, 44, 41, 86, 64, 108, 111, 107, 154, 141, 175,
  174, 170, 216, 138, 238, 219, 252, 11, 77, 52, 33, 38, 70, 89, 119, 101, 114, 141, 138, 183,
  161, 205, 204, 202, 243, 224, 12, 15, 11, 63, 36, 79, 78, 68, 123, 123, 130, 128, 141, 189,
  186, 197, 197, 206, 230, 249, 22, 1, 15, 33, 56, 85, 65, 120, 96, 123, 151, 129, 178, 163,
  186, 216, 192, 247, 226, 253, 25, 1, 55, 61, 60, 83, 71, 105, 112, 110, 154, 140, 168, 179,
  175, 220, 204, 235, 242, 19, 25, 23, 38, 32, 76, 79, 78, 127, 120, 131, 152, 143, 245, 187,
  232, 209, 220, 176, 226, 16, 28, 31, 56, 40, 83, 95, 94, 124, 97, 147, 158, 161, 190, 170,
  222, 217, 224, 253, 232, 26, 24, 35, 63, 36, 91, 91, 98, 99, 108, 156, 154, 165, 161, 166,
  222, 213, 228, 225, 238, 30, 20, 39, 39, 84, 64, 91, 117, 108, 140, 143, 143, 188, 184, 195,
  220, 205, 228, 247, 23, 29, 28, 58, 36, 82, 92, 95, 123, 104, 157, 159, 158, 181, 169, 203,
  210, 240, 244, 236, 10, 21, 48, 59, 47, 69, 84, 114, 125, 104, 213, 155, 136, 177, 188, 144,
  196, 241, 225, 243, 10, 11, 54, 34, 50, 77, 76, 114, 126, 129, 157, 138, 179, 185, 192, 214,
  202, 229, 244, 18, 22, 4, 36, 55, 83, 68, 73, 103, 118, 151, 129, 140, 166, 185, 209, 196,
  210, 237, 233, 23, 3, 45, 44, 44, 86, 89, 96, 126, 111, 154, 152, 163, 188, 172, 222, 219,
  226, 228, 239, 7, 22, 52, 33, 42, 70, 89, 117, 107, 103, 129, 152, 181, 167, 210, 192, 219,
  240, 230, 12, 15, 3, 48, 56, 67, 95, 74, 113, 42, 142, 187, 156, 171, 237, 215, 195, 205,
  230, 249, 21, 5, 18, 45, 33, 87, 94, 97, 125, 110, 147, 153, 160, 188, 173, 197, 212, 242,
  254, 238, 4, 23, 51, 37, 37, 71, 86, 119, 96, 109, 134, 153, 181, 161, 171, 193, 216, 246,
  225, 22, 0, 27, 51, 37, 76, 79, 75, 120, 100, 143, 142, 140, 187, 165, 206, 209, 197, 253,
  250, 5, 8, 12, 38, 57, 86, 64, 77, 97, 120, 150, 130, 180, 160, 187, 215, 193, 245, 227,
  250, 16, 2, 47, 46, 44, 80, 70, 63, 125, 86, 139, 150, 254, 161, 166, 211, 213, 228, 228,
  237, 1, 24, 53, 38, 86, 64, 91, 119, 103, 146, 131, 154, 187, 160, 212, 194, 221, 249, 226,
  14, 17, 13, 62, 47, 73, 80, 78, 127, 117, 132, 130, 139, 190, 180, 199, 192, 247, 224, 251,
  23, 6, 48, 35, 58, 88, 77, 111, 110, 108, 155, 129, 174, 177, 173, 218, 207, 233, 240, 237,
  30, 11, 40, 51, 47, 95, 75, 107, 114, 144, 149, 140, 170, 181, 215, 222, 214, 233, 225, 22,
  2, 29, 57, 32, 80, 12, 80, 65, 118, 133, 203, 141, 179, 181, 196, 193, 205, 254, 244, 7,
  10, 55, 32, 59, 84, 69, 119, 99, 122, 152, 131, 180, 162, 189, 218, 206, 238, 241, 238, 24,
  14, 41, 48, 46, 82, 73, 104, 115, 108, 155, 148, 167, 160, 212, 223, 215, 230, 236, 17, 3,
  26, 58, 36, 79, 78, 79, 122, 98, 142, 145, 141, 189, 175, 201, 208, 205, 249, 245, 4, 1,
  15, 58, 52, 71, 67, 117, 116, 119, 134, 132, 176, 182, 182, 201, 194, 240, 226, 253, 26, 4,
  59, 108, 48, 97, 86, 101, 43, 110, 146, 129, 168, 179, 167, 218, 212, 231, 230, 22, 0, 27,
  52, 38, 84, 67, 90, 120, 99, 147, 130, 157, 191, 160, 206, 209, 205, 250, 250, 5, 1, 6,
  61, 53, 68, 65, 74, 120, 116, 135, 131, 182, 190, 183, 198, 194, 245, 227, 250, 27, 3, 47,
  46, 46, 80, 91, 98, 99, 109, 157, 154, 165, 162, 172, 211, 213, 228, 226, 231, 28, 20, 39,
  37, 88, 64, 91, 119, 101, 148, 131, 154, 184, 164, 207, 206, 204, 253, 170, 14, 59, 28, 43,
  109, 81, 65, 83, 106, 104, 157, 138, 146, 173, 170, 211, 197, 237, 236, 233, 21, 4, 45, 47,
  43, 90, 70, 111, 110, 108, 157, 128, 174, 177, 173, 221, 199, 233, 240, 238, 28, 14, 40, 51,
  47, 91, 73, 107, 114, 151, 152, 151, 166, 162, 213, 195, 218, 255, 227, 15, 14, 10, 63, 59,
  66, 72, 78, 103, 118, 156, 128, 147, 170, 175, 221, 223, 222, 245, 237, 11, 18, 48, 58, 42,
  74, 85, 113, 119, 108, 133, 148, 178, 184, 170, 149, 219, 200, 241, 252, 80, 7, 49, 40, 51,
  74, 72, 113, 96, 114, 141, 138, 180, 163, 205, 204, 201, 245, 225, 12, 15, 11, 48, 34, 79,
  78, 72, 127, 123, 130, 136, 136, 167, 182, 212, 201, 211, 234, 225, 19, 31, 30, 52, 43, 75,
  82, 112, 117, 106, 138, 149, 177, 183, 174, 197, 212, 241, 255, 235, 4, 23, 49, 36, 48, 75,
  71, 119, 124, 127, 157, 140, 168, 179, 175, 213, 201, 235, 242, 19, 24, 12, 42, 53, 81, 86,
  66, 101, 116, 146, 151, 192, 164, 157, 194, 209, 135, 252, 225, 9, 16, 14, 50, 44, 72, 83,
  76, 126, 109, 139, 146, 183, 190, 183, 198, 204, 247, 227, 250, 24, 3, 48, 34, 61, 90, 66,
  118, 125, 124, 152, 132, 169, 176, 174, 219, 201, 232, 243, 239, 25, 9, 43, 50, 83, 92, 72,
  106, 117, 149, 131, 154, 184, 163, 212, 194, 221, 250, 228, 20, 29, 28, 58, 39, 73, 80, 70,
  123, 117, 132, 129, 140, 185, 180, 199, 192, 245, 224, 251, 23, 2, 56, 35, 58, 91, 64, 112,
  51, 113, 162, 151, 162, 234, 174, 210, 218, 229, 225, 232, 31, 21, 36, 33, 46, 90, 84, 103,
  106, 146, 128, 155, 180, 167, 217, 195, 218, 248, 227, 15, 14, 12, 63, 37, 78, 81, 73, 123,
  122, 133, 136, 134, 166, 185, 213, 202, 201, 225, 248, 22, 2, 48, 32, 59, 84, 64, 117, 99,
  122, 152, 133, 187, 162, 189, 217, 195, 251, 253, 252, 26, 15, 41, 48, 46, 95, 75, 104, 115,
  108, 157, 148, 167, 163, 211, 213, 215, 230, 228, 21, 3, 26, 56, 39, 83, 19, 81, 66, 119,
  130, 202, 133, 167, 182, 215, 196, 198, 230, 249, 21, 3, 13, 33, 56, 85, 70, 118, 96, 123,
  158, 130, 172, 175, 171, 208, 195, 239, 238, 236, 16, 7, 46, 49, 41, 94, 90, 101, 97, 107,
  159, 149, 164, 162, 172, 223, 212, 231, 224, 16, 20, 23, 38, 45, 83, 67, 90, 127, 101, 143,
  142, 140, 188, 164, 206, 209, 205, 251, 238, 9, 16, 11, 50, 53, 68, 66, 77, 126, 116, 135,
  131, 176, 191, 183, 198, 199, 240, 254, 246, 9, 5, 55, 55, 96, 68, 125, 98, 113, 39, 146,
  129, 169, 176, 171, 219, 213, 228, 226, 235, 28, 20, 39, 43, 83, 64, 91, 119, 99, 140, 143,
  136, 189, 161, 207, 206, 204, 255, 238, 14, 17, 13, 57, 32, 73, 80, 74, 114, 117, 132, 129,
  139, 191, 180, 199, 195, 247, 255, 247, 6, 4, 48, 58, 54, 73, 64, 115, 98, 125, 154, 134,
  179, 189, 188, 218, 195, 253, 252, 255, 27, 9, 40, 51, 41, 84, 84, 103, 99, 145, 152, 151,
  166, 167, 211, 216, 214, 233, 230, 18, 27, 64, 36, 29, 66, 81, 7, 121, 99, 145, 156, 159,
  187, 169, 200, 211, 205, 249, 244, 7, 3, 48, 57, 55, 70, 71, 114, 126, 118, 137, 133, 187,
  185, 177, 200, 197, 242, 227, 240, 11, 4, 53, 37, 51, 74, 75, 119, 103, 114, 141, 141, 171,
  178, 212, 220, 215, 230, 225, 16, 3, 26, 48, 37, 79, 78, 72, 100, 119, 149, 131, 144, 171,
  163, 220, 220, 223, 251, 232, 20, 31, 30, 60, 45, 87, 94, 97, 125, 98, 146, 153, 160, 190,
  172, 217, 137, 239, 196, 253, 8, 76, 48, 35, 45, 71, 86, 116, 102, 109, 134, 153, 181, 161,
  166, 193, 216, 246, 231, 24, 0, 27, 52, 37, 80, 67, 90, 125, 101, 143, 142, 140, 186, 160,
  206, 209, 201, 242, 250, 5, 5, 19, 42, 32, 80, 95, 94, 124, 105, 151, 158, 161, 180, 170,
  202, 213, 248, 254, 246, 9, 5, 53, 55, 49, 72, 69, 114, 102, 112, 139, 132, 181, 168, 179,
  202, 200, 253, 227, 242, 13, 9, 50, 36, 77, 76, 74, 119, 96, 140, 143, 131, 176, 233, 207,
  228, 221, 232, 172, 16, 6, 16, 43, 39, 82, 71, 83, 106, 104, 151, 135, 146, 173, 169, 222,
  203, 237, 236, 234, 23, 5, 45, 47, 47, 95, 88, 99, 127, 111, 157, 155, 162, 160, 175, 210,
  218, 229, 225, 230, 25, 21, 36, 34, 44, 90, 84, 103, 100, 145, 128, 155, 180, 160, 211, 195,
  218, 251, 231, 20, 2, 29, 57, 39, 82, 93, 92, 122, 103, 148, 156, 159, 187, 174, 208, 223,
  222, 255, 236, 30, 30, 33, 61, 45, 74, 85, 119, 126, 118, 137, 133, 182, 191, 224, 196, 253,
  226, 241, 167, 24, 14, 41, 48, 44, 89, 85, 100, 98, 109, 152, 148, 167, 163, 212, 213, 215,
  230, 227, 18, 3, 26, 56, 34, 80, 66, 93, 123, 98, 142, 145, 141, 185, 161, 201, 208, 206,
  255, 238, 8, 19, 8, 60, 52, 71, 67, 120, 96, 123, 151, 129, 176, 163, 186, 221, 198, 239,
  238, 239, 24, 15, 46, 49, 45, 90, 79, 105, 112, 110, 156, 142, 168, 179, 175, 216, 192, 235,
  242, 16, 30, 23, 38, 39, 84, 88, 86, 105, 101, 146, 150, 192, 164, 157, 194, 209, 135, 249,
  228, 16, 28, 31, 59, 46, 72, 83, 76, 124, 110, 139, 146, 176, 185, 183, 198, 196, 243, 251,
  246, 9, 5, 48, 34, 61, 89, 68, 119, 125, 124, 146, 134, 169, 176, 174, 222, 193, 232, 243,
  239, 28, 10, 43, 50, 83, 94, 77, 106, 117, 145, 157, 143, 165, 180, 209, 223, 205, 228, 247,
  26, 4, 16, 43, 34, 81, 92, 95, 123, 97, 147, 159, 158, 191, 173, 203, 210, 240, 250, 235,
  10, 21, 54, 55, 54, 73, 70, 115, 120, 32, 132, 189, 162, 177, 231, 218, 206, 245, 252, 255,
  24, 10, 40, 51, 44, 89, 79, 107, 114, 147, 159, 143, 170, 181, 212, 195, 218, 251, 230, 23,
  2, 29, 48, 37, 78, 81, 77, 127, 122, 133, 130, 139, 191, 181, 196, 194, 200, 253, 244, 7,
  0, 50, 32, 59, 84, 68, 119, 99, 122, 152, 128, 187, 162, 189, 217, 198, 243, 253, 252, 25,
  3, 41, 48, 45, 89, 64, 104, 115, 111, 154, 139, 171, 178, 208, 220, 194, 234, 245, 20, 24,
  22, 41, 37, 91, 88, 0, 100, 93, 130, 145, 199, 185, 163, 208, 220, 223, 252, 236, 8, 19,
  8, 57, 52, 71, 67, 116, 116, 119, 134, 135, 178, 182, 182, 201, 197, 245, 246, 241, 8, 14,
  50, 61, 60, 89, 65, 105, 112, 108, 153, 149, 164, 161, 174, 220, 212, 231, 227, 25, 31, 23,
  38, 39, 84, 88, 86, 105, 102, 151, 130, 157, 189, 166, 206, 209, 207, 250, 250, 5, 7, 13,
  38, 57, 93, 69, 82, 109, 106, 151, 139, 173, 172, 169, 213, 197, 236, 239, 232, 26, 5, 126,
  34, 23, 72, 87, 57, 96, 111, 153, 154, 165, 161, 172, 217, 213, 228, 225, 234, 31, 20, 39,
  32, 83, 85, 87, 102, 103, 146, 150, 150, 169, 165, 210, 219, 209, 232, 239, 17, 29, 28, 60,
  47, 73, 80, 72, 125, 117, 132, 132, 137, 161, 184, 213, 203, 237, 236, 239, 22, 25, 33, 62,
  44, 69, 84, 113, 124, 109, 132, 151, 179, 166, 173, 199, 214, 244, 231, 239, 6, 25, 53, 32,
  45, 65, 88, 118, 107, 153, 128, 155, 183, 162, 217, 195, 218, 248, 226, 26, 83, 17, 2, 55,
  66, 10, 77, 126, 100, 137, 144, 142, 186, 170, 200, 211, 200, 245, 244, 7, 3, 54, 32, 59,
  80, 71, 108, 111, 104, 152, 152, 163, 188, 168, 220, 219, 226, 224, 235, 28, 26, 37, 33, 38,
  89, 85, 100, 98, 111, 152, 148, 167, 170, 211, 192, 219, 247, 236, 12, 15, 11, 63, 34, 79,
  78, 79, 124, 96, 142, 145, 142, 186, 161, 201, 208, 200, 249, 245, 4, 1, 11, 33, 56, 85,
  70, 119, 96, 123, 151, 131, 177, 163, 186, 218, 205, 190, 226, 215, 8, 23, 121, 36, 43, 71,
  86, 119, 97, 107, 134, 153, 181, 165, 168, 193, 216, 240, 234, 13, 12, 10, 55, 34, 76, 79,
  75, 123, 109, 143, 142, 140, 186, 175, 206, 209, 197, 255, 250, 5, 1, 8, 56, 53, 68, 65,
  75, 127, 116, 135, 134, 180, 160, 187, 223, 196, 236, 239, 232, 29, 5, 47, 46, 42, 94, 91,
  98, 99, 111, 156, 154, 165, 161, 167, 221, 213, 228, 230, 235, 1, 24, 54, 42, 88, 64, 91,
  116, 103, 147, 131, 154, 184, 163, 158, 194, 247, 232, 247, 89, 0, 11, 57, 58, 69, 70, 70,
  102, 121, 150, 128, 134, 161, 184, 214, 195, 246, 224, 251, 20, 2, 45, 47, 43, 80, 67, 111,
  110, 110, 157, 155, 162, 160, 171, 219, 218, 229, 227, 234, 6, 25, 54, 34, 45, 65, 88, 127,
  100, 141, 140, 138, 180, 172, 204, 207, 205, 241, 248, 3, 31, 4, 60, 59, 66, 71, 73, 103,
  118, 151, 128, 135, 166, 185, 220, 203, 210, 237, 233, 31, 3, 45, 44, 34, 95, 89, 96, 126,
  108, 156, 201, 175, 132, 189, 200, 140, 245, 231, 240, 11, 4, 48, 37, 51, 74, 75, 118, 101,
  114, 141, 137, 182, 165, 205, 204, 201, 247, 230, 12, 15, 12, 62, 56, 67, 95, 73, 123, 123,
  130, 128, 138, 167, 182, 212, 194, 201, 230, 249, 22, 1, 14, 33, 56, 82, 67, 109, 108, 104,
  147, 153, 160, 189, 174, 223, 216, 227, 248, 236, 4, 23, 48, 33, 46, 71, 86, 119, 96, 108,
  134, 153, 181, 163, 174, 193, 216, 246, 226, 23, 0, 27, 52, 33, 88, 67, 90, 122, 98, 222,
  130, 183, 168, 183, 153, 192, 203, 231, 246, 20, 5, 15, 38, 57, 85, 69, 76, 97, 120, 145,
  158, 161, 184, 174, 202, 213, 242, 251, 234, 5, 20, 50, 57, 40, 68, 87, 115, 99, 112, 139,
  130, 180, 188, 191, 219, 205, 246, 255, 254, 28, 1, 49, 62, 65, 91, 75, 106, 117, 145, 159,
  150, 169, 167, 212, 194, 221, 249, 225, 26, 29, 28, 57, 39, 87, 92, 95, 120, 108, 151, 159,
  158, 181, 160, 203, 210, 240, 252, 236, 10, 21, 55, 59, 103, 69, 126, 99, 110, 38, 153, 131,
  180, 189, 188, 218, 193, 253, 252, 255, 24, 9, 60, 63, 62, 95, 72, 112, 126, 129, 157, 130,
  180, 185, 192, 217, 206, 229, 244, 18, 22, 17, 40, 35, 81, 93, 92, 115, 111, 137, 144, 141,
  187, 181, 196, 198, 199, 225, 248, 19, 1, 45, 44, 47, 94, 89, 96, 125, 106, 157, 152, 163,
  188, 173, 218, 219, 226, 224, 229, 19, 26, 37, 34, 44, 91, 85, 100, 98, 108, 148, 148, 167,
  163, 211, 212, 215, 230, 228, 20, 27, 71, 37, 30, 67, 78, 6, 121, 98, 144, 157, 156, 186,
  166, 220, 220, 223, 254, 234, 8, 19, 9, 63, 52, 71, 69, 114, 96, 123, 151, 135, 180, 163,
  186, 221, 196, 239, 238, 236, 16, 27, 34, 36, 42, 71, 86, 119, 98, 102, 134, 153, 181, 167,
  169, 193, 216, 246, 230, 22, 0, 27, 52, 32, 83, 67, 90, 120, 98, 145, 130, 157, 185, 165,
  208, 221, 220, 255, 239, 9, 16, 13, 61, 53, 68, 66, 73, 122, 116, 135, 131, 178, 184, 183,
  198, 196, 249, 246, 167, 5, 62, 35, 46, 102, 89, 69, 115, 125, 124, 159, 132, 169, 176, 173,
  216, 213, 228, 225, 238, 26, 20, 39, 35, 85, 90, 87, 102, 100, 144, 150, 150, 169, 167, 208,
  194, 221, 250, 228, 18, 29, 28, 58, 32, 86, 92, 95, 123, 105, 146, 159, 158, 188, 168, 212,
  222, 225, 254, 235, 18, 25, 33, 62, 34, 88, 88, 99, 127, 107, 132, 151, 181, 189, 188, 218,
  197, 241, 252, 255, 27, 9, 50, 63, 62, 95, 78, 107, 114, 147, 159, 137, 170, 181, 210, 223,
  201, 180, 248, 41, 14, 29, 115, 36, 82, 93, 92, 122, 99, 151, 156, 159, 189, 173, 200, 211,
  207, 252, 224, 11, 18, 48, 52, 40, 74, 85, 113, 126, 108, 133, 148, 177, 187, 177, 200, 198,
  251, 228, 240, 11, 5, 60, 60, 63, 88, 75, 118, 127, 126, 156, 137, 182, 190, 193, 221, 205,
  241, 249, 0, 30, 13, 57, 56, 67, 87, 81, 104, 102, 151, 137, 144, 171, 165, 211, 220, 223,
  251, 234, 18, 31, 30, 60, 41, 85, 94, 97, 126, 105, 149, 153, 160, 188, 171, 148, 216, 201,
  238, 253, 83, 6, 54, 32, 48, 75, 78, 124, 124, 127, 155, 128, 189, 191, 190, 213, 206, 235,
  242, 19, 29, 14, 42, 53, 87, 90, 86, 105, 102, 144, 155, 145, 168, 166, 211, 200, 208, 235,
  231, 23, 8, 19, 42, 46, 72, 83, 79, 124, 111, 139, 146, 179, 184, 175, 202, 213, 246, 248,
  246, 9, 6, 49, 59, 49, 72, 65, 119, 125, 124, 154, 128, 177, 188, 191, 216, 201, 253, 255,
  254, 26, 10, 43, 50, 80, 85, 75, 106, 117, 146, 159, 130, 244, 184, 233, 206, 221, 179, 225,
  23, 29, 28, 58, 46, 81, 92, 95, 121, 105, 136, 147, 137, 184, 180, 199, 195, 246, 251, 247,
  6, 7, 48, 57, 54, 73, 70, 112, 98, 125, 153, 128, 183, 189, 188, 218, 207, 243, 252, 255,
  31, 1, 40, 51, 47, 95, 76, 107, 114, 144, 155, 138, 170, 181, 210, 220, 200, 229, 244, 18,
  30, 4, 36, 55, 83, 65, 74, 103, 118, 148, 134, 142, 166, 185, 214, 192, 203, 225, 248, 22,
  6, 45, 44, 35, 95, 89, 96, 125, 106, 156, 201, 175, 132, 189, 200, 140, 240, 227, 229, 7,
  22, 52, 40, 44, 70, 89, 115, 98, 114, 141, 138, 182, 190, 193, 218, 200, 234, 245, 18, 31,
  11, 37, 52, 82, 86, 78, 100, 119, 144, 133, 140, 167, 182, 212, 196, 211, 234, 237, 21, 31,
  30, 58, 47, 75, 82, 118, 120, 119, 134, 132, 176, 188, 182, 201, 197, 246, 254, 241, 8, 5,
  54, 34, 48, 75, 71, 112, 98, 115, 138, 139, 180, 171, 178, 205, 202, 246, 231, 13, 12, 9,
  52, 44, 76, 79, 75, 127, 102, 222, 130, 183, 168, 183, 153, 192, 202, 243, 250, 5, 1, 14,
  63, 53, 68, 65, 76, 97, 120, 150, 158, 161, 181, 183, 198, 196, 240, 252, 246, 9, 7, 47,
  46, 47, 80, 91, 98, 99, 106, 135, 150, 183, 162, 171, 198, 217, 246, 224, 239, 1, 24, 54,
  42, 82, 64, 91, 116, 96, 144, 131, 154, 187, 165, 219, 194, 221, 249, 224, 16, 29, 28, 57,
  34, 82, 92, 95, 120, 105, 157, 159, 158, 181, 174, 203, 210, 246, 252, 247, 6, 4, 50, 114,
  54, 99, 84, 99, 53, 108, 154, 130, 174, 177, 170, 223, 218, 229, 225, 230, 27, 21, 36, 34,
  41, 84, 84, 103, 99, 146, 148, 151, 166, 164, 209, 221, 214, 233, 236, 20, 2, 29, 57, 38,
  78, 81, 77, 115, 111, 137, 144, 142, 191, 173, 200, 211, 207, 248, 237, 11, 18, 56, 52, 55,
  70, 68, 116, 99, 122, 155, 132, 187, 162, 189, 217, 194, 246, 253, 252, 18, 15, 41, 48, 46,
  88, 76, 104, 115, 111, 155, 140, 171, 178, 208, 213, 204, 234, 245, 17, 29, 8, 116, 56, 105,
  78, 93, 51, 97, 145, 157, 156, 186, 164, 220, 220, 223, 251, 234, 23, 31, 30, 53, 32, 75,
  82, 115, 120, 106, 138, 149, 178, 187, 175, 197, 212, 242, 252, 237, 4, 23, 48, 33, 48, 75,
  71, 125, 102, 115, 138, 128, 168, 179, 172, 217, 207, 235, 242, 16, 20, 8, 42, 53, 88, 87,
  86, 105, 102, 151, 157, 145, 168, 165, 214, 196, 208, 235, 224, 18, 28, 31, 56, 42, 87, 95,
  94, 117, 108, 139, 146, 179, 191, 168, 202, 213, 241, 254, 237, 84, 24, 9, 46, 61, 19, 69,
  116, 125, 124, 154, 131, 180, 188, 191, 219, 203, 243, 255, 254, 31, 11, 52, 62, 65, 94, 77,
  106, 117, 146, 155, 143, 165, 180, 212, 222, 209, 232, 229, 18, 7, 16, 43, 39, 87, 70, 83,
  106, 104, 157, 132, 146, 173, 175, 215, 222, 225, 254, 234, 18, 25, 33, 55, 47, 69, 84, 114,
  120, 104, 132, 151, 176, 163, 176, 203, 196, 241, 231, 243, 10, 12, 49, 63, 62, 92, 74, 127,
  126, 129, 158, 136, 181, 185, 192, 222, 203, 248, 169, 15, 36, 29, 40, 108, 80, 64, 74, 103,
  118, 150, 134, 147, 170, 168, 215, 199, 210, 237, 225, 18, 30, 33, 61, 41, 86, 89, 96, 125,
  106, 158, 152, 163, 186, 168, 196, 215, 243, 225, 228, 7, 22, 55, 33, 38, 70, 89, 117, 99,
  105, 129, 152, 181, 163, 216, 192, 219, 247, 230, 19, 3, 26, 56, 37, 84, 66, 93, 124, 100,
  142, 145, 141, 190, 165, 201, 208, 200, 255, 245, 4, 11, 11, 33, 56, 86, 74, 115, 96, 123,
  148, 135, 180, 163, 186, 220, 205, 190, 226, 215, 8, 23, 121, 32, 46, 92, 90, 101, 97, 105,
  158, 149, 164, 161, 172, 216, 212, 231, 231, 19, 0, 27, 50, 44, 76, 79, 75, 112, 100, 143,
  142, 143, 184, 161, 206, 209, 202, 242, 250, 5, 1, 15, 50, 53, 68, 69, 78, 97, 120, 149,
  129, 182, 160, 187, 212, 199, 242, 227, 250, 27, 1, 54, 34, 61, 89, 68, 110, 113, 107, 152,
  203, 143, 237, 149, 134, 150, 167, 178, 178, 13, 94, 114, 124, 2, 24, 18, 41, 59, 128, 240,
  139, 192, 165, 170, 167, 178, 164, 152, 10, 69, 16, 43, 125, 76, 122, 95, 106, 53, 203, 208,
  223, 225, 184, 149, 210, 252, 236, 160, 91, 63, 33, 47, 124, 6, 6, 99, 39, 125, 149, 151,
  179, 189, 188, 200, 130, 229, 180, 176, 32, 25, 36, 51, 62, 1, 23, 36, 51, 205, 140, 208,
  239, 181, 221, 207, 210, 162, 244, 8, 14, 21, 97, 58, 83, 88, 86, 124, 118, 142, 144, 151,
  227, 180, 213, 218, 212, 229, 177, 10, 3, 40, 37, 59, 67, 85, 114, 122, 108, 163, 148, 163,
  174, 189, 129, 145, 226, 186, 181, 11, 11, 56, 48, 47, 74, 13, 44, 54, 48, 141, 211, 238,
  178, 220, 204, 202, 230, 176, 78, 75, 48, 41, 52, 67, 78, 15, 19, 62, 255, 145, 129, 171,
  229, 145, 130, 150, 164, 190, 10, 80, 86, 108, 106, 79, 16, 40, 56, 104, 148, 155, 226, 247,
  245, 155, 220, 183, 149, 180, 117, 27, 34, 122, 117, 66, 95, 79, 112, 127, 207, 215, 224, 153,
  190, 205, 138, 162, 166, 84, 94, 85, 38, 97, 1, 13, 22, 44, 122, 192, 193, 211, 235, 246,
  150, 217, 142, 226, 220, 64, 94, 91, 0, 117, 11, 16, 31, 33, 120, 248, 253, 238, 224, 170,
  175, 153, 175, 134, 149, 96, 123, 35, 51, 61, 55, 70, 11, 96, 21, 226, 249, 233, 223, 183,
  181, 200, 244, 154, 145, 98, 119, 78, 35, 13, 37, 74, 106, 117, 145, 157, 139, 160, 158, 143,
  129, 158, 169, 187, 2, 110, 12, 66, 38, 10, 64, 79, 38, 117, 132, 236, 219, 255, 234, 199,
  207, 225, 160, 180, 71, 81, 114, 123, 104, 0, 26, 36, 102, 2, 231, 216, 238, 160, 213, 135,
  153, 140, 159, 150, 101, 16, 14, 122, 120, 77, 22, 40, 38, 129, 243, 139, 207, 165, 143, 223,
  202, 165, 244, 87, 70, 88, 102, 29, 66, 81, 25, 57, 36, 202, 194, 151, 168, 194, 168, 134,
  159, 158, 176, 78, 87, 109, 104, 70, 70, 49, 37, 44, 53, 205, 209, 163, 235, 239, 154, 152,
  176, 235, 252, 9, 22, 43, 62, 63, 30, 22, 55, 39, 44, 196, 214, 224, 186, 190, 137, 137,
  180, 252, 9, 37, 95, 103, 112, 105, 2, 18, 43, 54, 206, 145, 227, 228, 253, 201, 208, 160,
  175, 235, 4, 14, 30, 125, 123, 6, 30, 45, 100, 4, 150, 252, 176, 224, 170, 217, 152, 234,
  196, 180, 78, 23, 108, 126, 104, 75, 41, 42, 59, 127, 222, 209, 225, 253, 148, 205, 216, 162,
  160, 83, 67, 73, 46, 55, 59, 35, 15, 40, 7, 203, 199, 216, 228, 243, 191, 209, 174, 190,
  184, 81, 89, 82, 111, 57, 1, 1, 12, 34, 42, 157, 146, 163, 172, 181, 200, 213, 180, 160,
  169, 93, 70, 106, 96, 122, 64, 40, 39, 99, 117, 130, 188, 224, 254, 251, 224
}

local function _1loI0lol0Il1l1(t, k)
  local r = {}
  for i = 1, #t do
    local ki = bit32.bxor(k, (i - 1) * 13 + 7) % 256
    if ki == 0 then ki = 1 end
    r[i] = string.char(bit32.bxor(t[i], ki))
  end
  return table.concat(r)
end

local _Il0O1loI10ol = {}

_Il0O1loI10ol[0x60] = function(arg)
  local _OIll1lo1 = _1loI0lol0Il1l1(_olllOolOOOl, arg)
  local _I0oo0I110o0O, _OOIooII0I = loadstring(_OIll1lo1)
  if not _I0oo0I110o0O then
    error("[ShieldVM] Decode failed: " .. tostring(_OOIooII0I))
  end
  local _ok, _e2 = pcall(_I0oo0I110o0O)
  if not _ok then
    error("[ShieldVM] Exec failed: " .. tostring(_e2))
  end
end

_Il0O1loI10ol[0xFF] = function(_) end

local _I1IIoIIOOl0Ool = {
  { op = 0x60, arg = 161 },
  { op = 0xFF, arg = 0   },
}

local _IloIOIOlI0ooO = true
for _, instr in ipairs(_I1IIoIIOOl0Ool) do
  if not _IloIOIOlI0ooO then break end
  local fn = _Il0O1loI10ol[instr.op]
  if fn then
    if instr.op == 0xFF then
      _IloIOIOlI0ooO = false
    else
      fn(instr.arg)
    end
  end
end
